{
  "advancedEditorSelectedIdentifier" : "ProjectBrowser",
  "openSceneRelativePaths" : [
    "Scene.usda"
  ],
  "recentIdentifiers" : {
    "26DBAE76-5DD8-47B6-A085-1B4ADA111097" : [

    ]
  },
  "sceneCameraHistory" : {
    "3FE03661-5033-44F9-82CD-8330FCA9FCC5" : [
      {
        "date" : 733896206.95945,
        "title" : "Untitled",
        "transform" : [
          1,
          0,
          -0,
          0,
          -0,
          0.8660254,
          -0.5,
          0,
          0,
          0.5,
          0.8660254,
          0,
          0,
          0.2198546,
          0.38079932,
          1
        ]
      }
    ],
    "26DBAE76-5DD8-47B6-A085-1B4ADA111097" : [
      {
        "date" : 734812966.192817,
        "title" : "Untitled",
        "transform" : [
          -0.53729826,
          1.3160391e-06,
          0.8433924,
          0,
          0.70476305,
          0.549295,
          0.44898114,
          0,
          -0.4632706,
          0.8356285,
          -0.29513624,
          0,
          -0.91059303,
          2.2911246,
          -1.2376084,
          1
        ]
      },
      {
        "date" : 734812960.88537,
        "title" : "Untitled",
        "transform" : [
          -0.53729826,
          1.3160391e-06,
          0.8433924,
          0,
          0.70476305,
          0.549295,
          0.44898114,
          0,
          -0.4632706,
          0.8356285,
          -0.29513624,
          0,
          -1.1909347,
          1.969903,
          -1.7070442,
          1
        ]
      },
      {
        "date" : 734812941.727964,
        "title" : "Untitled",
        "transform" : [
          -0.18601264,
          1.2959274e-06,
          0.98254734,
          0,
          0.97173303,
          0.14795892,
          0.18396512,
          0,
          -0.14537643,
          0.9889935,
          -0.027523566,
          0,
          -0.55518687,
          2.9232583,
          -0.5744555,
          1
        ]
      },
      {
        "date" : 734812916.917947,
        "title" : "Untitled",
        "transform" : [
          0.17462787,
          1.2980519e-06,
          0.98463446,
          0,
          0.9840348,
          0.034899548,
          -0.17452155,
          0,
          -0.034363575,
          0.9993909,
          0.006093092,
          0,
          -0.21736431,
          3.0227757,
          -0.25689065,
          1
        ]
      },
      {
        "date" : 734812902.769447,
        "title" : "Untitled",
        "transform" : [
          0.17462787,
          1.2980519e-06,
          0.98463446,
          0,
          0.9840348,
          0.034899548,
          -0.17452155,
          0,
          -0.034363575,
          0.9993909,
          0.006093092,
          0,
          0.2968646,
          3.0391824,
          -0.047770977,
          1
        ]
      },
      {
        "date" : 734812899.013789,
        "title" : "Untitled",
        "transform" : [
          0.16504999,
          1.304742e-06,
          0.98628515,
          0,
          0.8707929,
          0.4695577,
          -0.14572354,
          0,
          -0.46311805,
          0.88290185,
          0.0774993,
          0,
          -1.2117953,
          2.8958485,
          -0.5762036,
          1
        ]
      },
      {
        "date" : 734812876.897853,
        "title" : "Untitled",
        "transform" : [
          0.16504999,
          1.304742e-06,
          0.98628515,
          0,
          0.8707929,
          0.4695577,
          -0.14572354,
          0,
          -0.46311805,
          0.88290185,
          0.0774993,
          0,
          -1.753761,
          2.6180182,
          -0.64972436,
          1
        ]
      },
      {
        "date" : 734752480.991579,
        "title" : "Untitled",
        "transform" : [
          0.16504999,
          1.304742e-06,
          0.98628515,
          0,
          0.8707929,
          0.4695577,
          -0.14572354,
          0,
          -0.46311805,
          0.88290185,
          0.0774993,
          0,
          -1.0684316,
          2.9819267,
          -0.70012116,
          1
        ]
      },
      {
        "date" : 734752478.391818,
        "title" : "Untitled",
        "transform" : [
          0.16504999,
          1.304742e-06,
          0.98628515,
          0,
          0.8707929,
          0.4695577,
          -0.14572354,
          0,
          -0.46311805,
          0.88290185,
          0.0774993,
          0,
          -1.7201903,
          2.6296227,
          -0.5813012,
          1
        ]
      },
      {
        "date" : 734752468.815595,
        "title" : "Untitled",
        "transform" : [
          0.16504999,
          1.304742e-06,
          0.98628515,
          0,
          0.8707929,
          0.4695577,
          -0.14572354,
          0,
          -0.46311805,
          0.88290185,
          0.0774993,
          0,
          -0.3938501,
          3.356811,
          -0.93979716,
          1
        ]
      }
    ]
  },
  "selectedSceneRelativePath" : "Scene.usda"
}