{
  "advancedEditorSelectedIdentifier" : "ProjectBrowser",
  "openSceneRelativePaths" : [
    "Scene.usda"
  ],
  "recentIdentifiers" : {
    "26DBAE76-5DD8-47B6-A085-1B4ADA111097" : [

    ]
  },
  "sceneCameraHistory" : {
    "26DBAE76-5DD8-47B6-A085-1B4ADA111097" : [
      {
        "date" : 733776301.194621,
        "title" : "Untitled",
        "transform" : [
          0.41438293,
          0.003012623,
          -0.91009766,
          0,
          -0.7350102,
          0.59081817,
          -0.33270693,
          0,
          0.53669995,
          0.80679905,
          0.24703927,
          0,
          2.5906186,
          1.657645,
          -0.09295893,
          1
        ]
      },
      {
        "date" : 733776239.214204,
        "title" : "Untitled",
        "transform" : [
          -0.15012516,
          0.0030126164,
          -0.9886624,
          0,
          -0.9418029,
          0.3037926,
          0.1439354,
          0,
          0.30078194,
          0.9527334,
          -0.04276962,
          0,
          1.8739655,
          1.2228155,
          -0.6554184,
          1
        ]
      },
      {
        "date" : 733776236.452083,
        "title" : "Untitled",
        "transform" : [
          -0.15012516,
          0.0030126164,
          -0.9886624,
          0,
          -0.9418028,
          0.30379257,
          0.14393538,
          0,
          0.30078194,
          0.9527334,
          -0.04276962,
          0,
          1.8723316,
          1.2176402,
          -0.65518606,
          1
        ]
      },
      {
        "date" : 733776204.414719,
        "title" : "Untitled",
        "transform" : [
          0.1050556,
          4.8725216e-08,
          -0.99446636,
          0,
          -0.9742898,
          0.20041482,
          -0.10292418,
          0,
          0.19930576,
          0.97971106,
          0.021054776,
          0,
          1.8723316,
          1.2176402,
          -0.65518606,
          1
        ]
      },
      {
        "date" : 733776194.035632,
        "title" : "Untitled",
        "transform" : [
          -0.4170429,
          4.3301867e-08,
          -0.90888685,
          0,
          -0.5628513,
          0.7851737,
          0.25826445,
          0,
          0.713634,
          0.61927545,
          -0.32745108,
          0,
          2.273094,
          0.83957976,
          -0.9979956,
          1
        ]
      },
      {
        "date" : 733776187.74682,
        "title" : "Untitled",
        "transform" : [
          -0.46409345,
          3.7584446e-08,
          -0.8857862,
          0,
          -0.7726203,
          0.4890738,
          0.40480202,
          0,
          0.43321484,
          0.87224233,
          -0.22697592,
          0,
          1.7297995,
          0.85411495,
          -0.77631485,
          1
        ]
      },
      {
        "date" : 733776173.178193,
        "title" : "Untitled",
        "transform" : [
          0.06461388,
          1.505801e-06,
          -0.9979103,
          0,
          -0.91615,
          0.39642197,
          -0.059319336,
          0,
          0.39559352,
          0.91806835,
          0.025615755,
          0,
          2.0662432,
          1.5315157,
          -0.9525887,
          1
        ]
      },
      {
        "date" : 733776164.179717,
        "title" : "Untitled",
        "transform" : [
          0.9158299,
          1.5054609e-06,
          0.40156627,
          0,
          0.38534606,
          0.28133848,
          -0.8788385,
          0,
          -0.11297739,
          0.9596086,
          0.25765765,
          0,
          2.1270409,
          1.5699384,
          0.13538012,
          1
        ]
      },
      {
        "date" : 733776162.342978,
        "title" : "Untitled",
        "transform" : [
          0.96356666,
          1.506065e-06,
          0.2674682,
          0,
          0.22255409,
          0.554656,
          -0.80176455,
          0,
          -0.14835407,
          0.83207965,
          0.53444767,
          0,
          2.0800414,
          1.4224123,
          0.4726397,
          1
        ]
      },
      {
        "date" : 733776155.795813,
        "title" : "Untitled",
        "transform" : [
          0.122987196,
          3.5723768e-09,
          -0.9924083,
          0,
          -0.31638232,
          0.9478211,
          -0.039208632,
          0,
          0.9406255,
          0.31880257,
          0.11656986,
          0,
          2.7908437,
          0.9133025,
          -0.5895114,
          1
        ]
      }
    ]
  }
}