{
  "advancedEditorSelectedIdentifier" : "ProjectBrowser",
  "openSceneRelativePaths" : [
    "Scene.usda"
  ],
  "recentIdentifiers" : {
    "26DBAE76-5DD8-47B6-A085-1B4ADA111097" : [

    ]
  },
  "sceneCameraHistory" : {
    "26DBAE76-5DD8-47B6-A085-1B4ADA111097" : [
      {
        "date" : 732824354.628186,
        "title" : "Untitled",
        "transform" : [
          -0.9896354,
          -4.1176378e-07,
          -0.14360294,
          0,
          -0.07678207,
          0.8450541,
          0.5291391,
          0,
          0.12135201,
          0.53468084,
          -0.8362954,
          0,
          0.30907372,
          0.35366893,
          -1.6262349,
          1
        ]
      },
      {
        "date" : 732824343.44114,
        "title" : "Untitled",
        "transform" : [
          -0.9831249,
          1.1909123e-09,
          0.1829358,
          0,
          0.1042146,
          0.82186764,
          0.56006515,
          0,
          -0.150349,
          0.56967854,
          -0.8079985,
          0,
          0.26960492,
          0.3396449,
          -1.6350039,
          1
        ]
      },
      {
        "date" : 732824332.90968,
        "title" : "Untitled",
        "transform" : [
          -0.16115476,
          5.165547e-09,
          0.9869291,
          0,
          0.35215536,
          0.9341734,
          0.057503123,
          0,
          -0.9219629,
          0.35681927,
          -0.1505465,
          0,
          -0.07515955,
          0.20192583,
          -1.394949,
          1
        ]
      },
      {
        "date" : 732824321.491323,
        "title" : "Untitled",
        "transform" : [
          0.99473035,
          -4.7091344e-09,
          0.1025256,
          0,
          0.038707,
          0.9259954,
          -0.37554547,
          0,
          -0.09493823,
          0.37753496,
          0.92111576,
          0,
          0.2034025,
          0.22721252,
          -0.9894285,
          1
        ]
      },
      {
        "date" : 732824260.743389,
        "title" : "Untitled",
        "transform" : [
          0.99941295,
          -0.0013649144,
          0.0342332,
          0,
          0.016729485,
          0.89142317,
          -0.45286307,
          0,
          -0.029898236,
          0.45316997,
          0.89092267,
          0,
          0.042256624,
          0.39176244,
          -0.44735175,
          1
        ]
      },
      {
        "date" : 732824250.794687,
        "title" : "Untitled",
        "transform" : [
          0.9504711,
          -0.0013649098,
          0.31080985,
          0,
          0.055156097,
          0.9848597,
          -0.16434494,
          0,
          -0.30587983,
          0.17334823,
          0.936156,
          0,
          -0.19989075,
          0.12616941,
          -0.51631486,
          1
        ]
      },
      {
        "date" : 732824248.441218,
        "title" : "Untitled",
        "transform" : [
          0.99797696,
          -0.00136491,
          -0.06356208,
          0,
          -0.01089283,
          0.98131514,
          -0.19209883,
          0,
          0.062636636,
          0.19240263,
          0.9793151,
          0,
          0.11560999,
          0.14260401,
          -0.46058273,
          1
        ]
      },
      {
        "date" : 732824246.132784,
        "title" : "Untitled",
        "transform" : [
          0.99797696,
          -0.00136491,
          -0.06356208,
          0,
          -0.01089283,
          0.98131514,
          -0.19209883,
          0,
          0.062636636,
          0.19240263,
          0.9793151,
          0,
          0.10847629,
          0.13872021,
          -0.9338922,
          1
        ]
      },
      {
        "date" : 732824222.894754,
        "title" : "Untitled",
        "transform" : [
          0.10709535,
          6.310753e-09,
          -0.9942488,
          0,
          -0.785644,
          0.6128639,
          -0.084625535,
          0,
          0.6093392,
          0.79018855,
          0.0656349,
          0,
          0.83584493,
          0.7786235,
          -1.154734,
          1
        ]
      },
      {
        "date" : 732824172.024482,
        "title" : "Untitled",
        "transform" : [
          0.10709535,
          6.310753e-09,
          -0.9942488,
          0,
          -0.785644,
          0.6128639,
          -0.084625535,
          0,
          0.6093392,
          0.79018855,
          0.0656349,
          0,
          0.48963463,
          0.6227051,
          -1.1727471,
          1
        ]
      }
    ]
  }
}