{
  "advancedEditorSelectedIdentifier" : "ProjectBrowser",
  "openSceneRelativePaths" : [
    "Scene.usda"
  ],
  "recentIdentifiers" : {
    "26DBAE76-5DD8-47B6-A085-1B4ADA111097" : [

    ]
  },
  "sceneCameraHistory" : {
    "3FE03661-5033-44F9-82CD-8330FCA9FCC5" : [
      {
        "date" : 733896206.95945,
        "title" : "Untitled",
        "transform" : [
          1,
          0,
          -0,
          0,
          -0,
          0.8660254,
          -0.5,
          0,
          0,
          0.5,
          0.8660254,
          0,
          0,
          0.2198546,
          0.38079932,
          1
        ]
      }
    ],
    "26DBAE76-5DD8-47B6-A085-1B4ADA111097" : [
      {
        "date" : 734752480.991579,
        "title" : "Untitled",
        "transform" : [
          0.16504999,
          1.304742e-06,
          0.98628515,
          0,
          0.8707929,
          0.4695577,
          -0.14572354,
          0,
          -0.46311805,
          0.88290185,
          0.0774993,
          0,
          -1.0684316,
          2.9819267,
          -0.70012116,
          1
        ]
      },
      {
        "date" : 734752478.391818,
        "title" : "Untitled",
        "transform" : [
          0.16504999,
          1.304742e-06,
          0.98628515,
          0,
          0.8707929,
          0.4695577,
          -0.14572354,
          0,
          -0.46311805,
          0.88290185,
          0.0774993,
          0,
          -1.7201903,
          2.6296227,
          -0.5813012,
          1
        ]
      },
      {
        "date" : 734752468.815595,
        "title" : "Untitled",
        "transform" : [
          0.16504999,
          1.304742e-06,
          0.98628515,
          0,
          0.8707929,
          0.4695577,
          -0.14572354,
          0,
          -0.46311805,
          0.88290185,
          0.0774993,
          0,
          -0.3938501,
          3.356811,
          -0.93979716,
          1
        ]
      },
      {
        "date" : 734752321.718496,
        "title" : "Untitled",
        "transform" : [
          0.16504999,
          1.304742e-06,
          0.98628515,
          0,
          0.8707929,
          0.4695577,
          -0.14572354,
          0,
          -0.46311805,
          0.88290185,
          0.0774993,
          0,
          -0.7986407,
          3.1445282,
          -0.9403294,
          1
        ]
      },
      {
        "date" : 734752312.014809,
        "title" : "Untitled",
        "transform" : [
          0.16504999,
          1.304742e-06,
          0.98628515,
          0,
          0.8707929,
          0.4695577,
          -0.14572354,
          0,
          -0.46311805,
          0.88290185,
          0.0774993,
          0,
          -2.185166,
          2.4024348,
          -0.7716694,
          1
        ]
      },
      {
        "date" : 734752309.85536,
        "title" : "Untitled",
        "transform" : [
          0.16504999,
          1.304742e-06,
          0.98628515,
          0,
          0.8707929,
          0.4695577,
          -0.14572354,
          0,
          -0.46311805,
          0.88290185,
          0.0774993,
          0,
          -0.6487435,
          3.2350512,
          -1.0758477,
          1
        ]
      },
      {
        "date" : 734751312.567822,
        "title" : "Untitled",
        "transform" : [
          0.16504999,
          1.304742e-06,
          0.98628515,
          0,
          0.8707929,
          0.4695577,
          -0.14572354,
          0,
          -0.46311805,
          0.88290185,
          0.0774993,
          0,
          -0.65344554,
          3.315808,
          -2.0239716,
          1
        ]
      },
      {
        "date" : 734741328.626666,
        "title" : "Untitled",
        "transform" : [
          0.16504999,
          1.304742e-06,
          0.98628515,
          0,
          0.8707929,
          0.4695577,
          -0.14572354,
          0,
          -0.46311805,
          0.88290185,
          0.0774993,
          0,
          -0.9401982,
          3.1679757,
          -2.0533736,
          1
        ]
      },
      {
        "date" : 734658073.353285,
        "title" : "Untitled",
        "transform" : [
          0.16504999,
          1.304742e-06,
          0.98628515,
          0,
          0.8707929,
          0.4695577,
          -0.14572354,
          0,
          -0.46311805,
          0.88290185,
          0.0774993,
          0,
          -1.6503935,
          2.798864,
          -2.0922709,
          1
        ]
      },
      {
        "date" : 734657960.795048,
        "title" : "Untitled",
        "transform" : [
          0.16504999,
          1.304742e-06,
          0.98628515,
          0,
          0.8707929,
          0.4695577,
          -0.14572354,
          0,
          -0.46311805,
          0.88290185,
          0.0774993,
          0,
          -0.591225,
          3.358556,
          -2.13914,
          1
        ]
      }
    ]
  },
  "selectedSceneRelativePath" : "Scene.usda"
}