{
  "advancedEditorSelectedIdentifier" : "ProjectBrowser",
  "openSceneRelativePaths" : [
    "Scene.usda"
  ],
  "recentIdentifiers" : {
    "26DBAE76-5DD8-47B6-A085-1B4ADA111097" : [

    ]
  },
  "sceneCameraHistory" : {
    "26DBAE76-5DD8-47B6-A085-1B4ADA111097" : [
      {
        "date" : 732747289.508959,
        "title" : "Untitled",
        "transform" : [
          0.10709535,
          6.310753e-09,
          -0.9942488,
          0,
          -0.785644,
          0.6128639,
          -0.084625535,
          0,
          0.6093392,
          0.79018855,
          0.0656349,
          0,
          2.311151,
          3.2471821,
          -1.3967725,
          1
        ]
      },
      {
        "date" : 732746947.541049,
        "title" : "Untitled",
        "transform" : [
          0.10709535,
          6.310753e-09,
          -0.9942488,
          0,
          -0.785644,
          0.6128639,
          -0.084625535,
          0,
          0.6093392,
          0.79018855,
          0.0656349,
          0,
          0.6589896,
          1.1046697,
          -1.5747362,
          1
        ]
      },
      {
        "date" : 732746940.257718,
        "title" : "Untitled",
        "transform" : [
          0.10709535,
          6.310753e-09,
          -0.9942488,
          0,
          -0.785644,
          0.6128639,
          -0.084625535,
          0,
          0.6093392,
          0.79018855,
          0.0656349,
          0,
          0.26905215,
          0.5793439,
          -1.6061666,
          1
        ]
      },
      {
        "date" : 732746807.699717,
        "title" : "Untitled",
        "transform" : [
          0.107095435,
          5.8369123e-09,
          -0.99424875,
          0,
          -0.78564394,
          0.61286396,
          -0.08462559,
          0,
          0.60933924,
          0.7901885,
          0.065634936,
          0,
          2.0363126,
          1.7406473,
          -1.2701261,
          1
        ]
      },
      {
        "date" : 732745982.713585,
        "title" : "Untitled",
        "transform" : [
          0.107095435,
          5.8369123e-09,
          -0.99424875,
          0,
          -0.78564394,
          0.61286396,
          -0.08462559,
          0,
          0.60933924,
          0.7901885,
          0.065634936,
          0,
          1.134666,
          0.9404609,
          -1.5675876,
          1
        ]
      },
      {
        "date" : 732745980.378681,
        "title" : "Untitled",
        "transform" : [
          0.107095435,
          5.8369123e-09,
          -0.99424875,
          0,
          -0.78564394,
          0.61286396,
          -0.08462559,
          0,
          0.60933924,
          0.7901885,
          0.065634936,
          0,
          0.6846056,
          0.43638217,
          -1.7411041,
          1
        ]
      },
      {
        "date" : 732745977.191637,
        "title" : "Untitled",
        "transform" : [
          0.107095435,
          5.8369123e-09,
          -0.99424875,
          0,
          -0.78564394,
          0.61286396,
          -0.08462559,
          0,
          0.60933924,
          0.7901885,
          0.065634936,
          0,
          0.704841,
          0.42076072,
          -1.7408956,
          1
        ]
      },
      {
        "date" : 732745974.265081,
        "title" : "Untitled",
        "transform" : [
          0.107095435,
          5.8369123e-09,
          -0.99424875,
          0,
          -0.78564394,
          0.61286396,
          -0.08462559,
          0,
          0.60933924,
          0.7901885,
          0.065634936,
          0,
          0.69832826,
          0.42797062,
          -1.7672329,
          1
        ]
      },
      {
        "date" : 732745761.266915,
        "title" : "Untitled",
        "transform" : [
          0.107095435,
          5.8369123e-09,
          -0.99424875,
          0,
          -0.78564394,
          0.61286396,
          -0.08462559,
          0,
          0.60933924,
          0.7901885,
          0.065634936,
          0,
          0.92934775,
          0.6702162,
          -1.6999675,
          1
        ]
      },
      {
        "date" : 732745640.585136,
        "title" : "Untitled",
        "transform" : [
          0.97479826,
          3.7617607e-09,
          -0.22308823,
          0,
          -0.109615415,
          0.8709597,
          -0.47897157,
          0,
          0.19430086,
          0.49135453,
          0.84901,
          0,
          0.4351488,
          0.4002667,
          -1.0983173,
          1
        ]
      }
    ]
  }
}