{
  "advancedEditorSelectedIdentifier" : "ProjectBrowser",
  "openSceneRelativePaths" : [
    "Scene.usda"
  ],
  "recentIdentifiers" : {
    "26DBAE76-5DD8-47B6-A085-1B4ADA111097" : [

    ]
  },
  "sceneCameraHistory" : {
    "3FE03661-5033-44F9-82CD-8330FCA9FCC5" : [
      {
        "date" : 733896206.95945,
        "title" : "Untitled",
        "transform" : [
          1,
          0,
          -0,
          0,
          -0,
          0.8660254,
          -0.5,
          0,
          0,
          0.5,
          0.8660254,
          0,
          0,
          0.2198546,
          0.38079932,
          1
        ]
      }
    ],
    "26DBAE76-5DD8-47B6-A085-1B4ADA111097" : [
      {
        "date" : 734658073.353285,
        "title" : "Untitled",
        "transform" : [
          0.16504999,
          1.304742e-06,
          0.98628515,
          0,
          0.8707929,
          0.4695577,
          -0.14572354,
          0,
          -0.46311805,
          0.88290185,
          0.0774993,
          0,
          -1.6503935,
          2.798864,
          -2.0922709,
          1
        ]
      },
      {
        "date" : 734657960.795048,
        "title" : "Untitled",
        "transform" : [
          0.16504999,
          1.304742e-06,
          0.98628515,
          0,
          0.8707929,
          0.4695577,
          -0.14572354,
          0,
          -0.46311805,
          0.88290185,
          0.0774993,
          0,
          -0.591225,
          3.358556,
          -2.13914,
          1
        ]
      },
      {
        "date" : 734125400.059177,
        "title" : "Untitled",
        "transform" : [
          0.055489115,
          1.298614e-06,
          0.9984593,
          0,
          0.0076230527,
          0.99997085,
          -0.00042494104,
          0,
          -0.99843013,
          0.0076348623,
          0.055487428,
          0,
          -2.2870817,
          1.5358344,
          -2.016165,
          1
        ]
      },
      {
        "date" : 734125398.060057,
        "title" : "Untitled",
        "transform" : [
          0.055489115,
          1.298614e-06,
          0.9984593,
          0,
          0.0076230527,
          0.99997085,
          -0.00042494104,
          0,
          -0.99843013,
          0.0076348623,
          0.055487428,
          0,
          -2.2920291,
          1.0783807,
          -2.042244,
          1
        ]
      },
      {
        "date" : 734049772.756294,
        "title" : "Untitled",
        "transform" : [
          0.055489115,
          1.298614e-06,
          0.9984593,
          0,
          0.0076230527,
          0.99997085,
          -0.00042494104,
          0,
          -0.99843013,
          0.0076348623,
          0.055487428,
          0,
          -2.2913032,
          1.173559,
          -2.042274,
          1
        ]
      },
      {
        "date" : 734049767.037572,
        "title" : "Untitled",
        "transform" : [
          0.055489115,
          1.298614e-06,
          0.9984593,
          0,
          0.0076230527,
          0.99997085,
          -0.00042494104,
          0,
          -0.99843013,
          0.0076348623,
          0.055487428,
          0,
          -1.8833451,
          1.206166,
          -1.5066493,
          1
        ]
      },
      {
        "date" : 734049762.671235,
        "title" : "Untitled",
        "transform" : [
          0.055489115,
          1.298614e-06,
          0.9984593,
          0,
          0.0076230527,
          0.99997085,
          -0.00042494104,
          0,
          -0.99843013,
          0.0076348623,
          0.055487428,
          0,
          -1.453816,
          0.9734025,
          -1.634923,
          1
        ]
      },
      {
        "date" : 734049655.2854,
        "title" : "Untitled",
        "transform" : [
          0.055489115,
          1.298614e-06,
          0.9984593,
          0,
          0.0076230527,
          0.99997085,
          -0.00042494104,
          0,
          -0.99843013,
          0.0076348623,
          0.055487428,
          0,
          -1.4330723,
          1.0540129,
          -1.2727613,
          1
        ]
      },
      {
        "date" : 734049652.323918,
        "title" : "Untitled",
        "transform" : [
          0.055489115,
          1.298614e-06,
          0.9984593,
          0,
          0.0076230527,
          0.99997085,
          -0.00042494104,
          0,
          -0.99843013,
          0.0076348623,
          0.055487428,
          0,
          -1.4298048,
          1.1231476,
          -1.2234818,
          1
        ]
      },
      {
        "date" : 734049621.031479,
        "title" : "Untitled",
        "transform" : [
          0.055489115,
          1.298614e-06,
          0.9984593,
          0,
          0.0076230527,
          0.99997085,
          -0.00042494104,
          0,
          -0.99843013,
          0.0076348623,
          0.055487428,
          0,
          -1.3896782,
          1.1231495,
          -0.5014435,
          1
        ]
      }
    ]
  },
  "selectedSceneRelativePath" : "Scene.usda"
}