{
  "advancedEditorSelectedIdentifier" : "ProjectBrowser",
  "openSceneRelativePaths" : [
    "Scene.usda"
  ],
  "recentIdentifiers" : {
    "26DBAE76-5DD8-47B6-A085-1B4ADA111097" : [

    ]
  },
  "sceneCameraHistory" : {
    "3FE03661-5033-44F9-82CD-8330FCA9FCC5" : [
      {
        "date" : 733896206.95945,
        "title" : "Untitled",
        "transform" : [
          1,
          0,
          -0,
          0,
          -0,
          0.8660254,
          -0.5,
          0,
          0,
          0.5,
          0.8660254,
          0,
          0,
          0.2198546,
          0.38079932,
          1
        ]
      }
    ],
    "26DBAE76-5DD8-47B6-A085-1B4ADA111097" : [
      {
        "date" : 734034273.591107,
        "title" : "Untitled",
        "transform" : [
          0.114457265,
          1.2983771e-06,
          0.99342823,
          0,
          -0.021921264,
          0.9997565,
          0.0025243477,
          0,
          -0.99318635,
          -0.022066155,
          0.11442936,
          0,
          -1.010583,
          0.23407722,
          -1.5214164,
          1
        ]
      },
      {
        "date" : 734034101.29428,
        "title" : "Untitled",
        "transform" : [
          0.114457265,
          1.2983771e-06,
          0.99342823,
          0,
          -0.021921264,
          0.9997565,
          0.0025243477,
          0,
          -0.99318635,
          -0.022066155,
          0.11442936,
          0,
          -1.0785568,
          0.7806579,
          -2.0059898,
          1
        ]
      },
      {
        "date" : 734033700.227714,
        "title" : "Untitled",
        "transform" : [
          0.114457265,
          1.2983771e-06,
          0.99342823,
          0,
          -0.021921264,
          0.9997565,
          0.0025243477,
          0,
          -0.99318635,
          -0.022066155,
          0.11442936,
          0,
          -1.078863,
          0.71952575,
          -2.0204363,
          1
        ]
      },
      {
        "date" : 734033110.43075,
        "title" : "Untitled",
        "transform" : [
          0.114457265,
          1.2983771e-06,
          0.99342823,
          0,
          -0.021921264,
          0.9997565,
          0.0025243477,
          0,
          -0.99318635,
          -0.022066155,
          0.11442936,
          0,
          -1.0793923,
          0.71696746,
          -2.0255249,
          1
        ]
      },
      {
        "date" : 734033091.930646,
        "title" : "Untitled",
        "transform" : [
          0.114457265,
          1.2983771e-06,
          0.99342823,
          0,
          -0.021921264,
          0.9997565,
          0.0025243477,
          0,
          -0.99318635,
          -0.022066155,
          0.11442936,
          0,
          -1.0101982,
          0.87297773,
          -1.3948692,
          1
        ]
      },
      {
        "date" : 734033089.066141,
        "title" : "Untitled",
        "transform" : [
          0.114457265,
          1.2983771e-06,
          0.99342823,
          0,
          -0.021921264,
          0.9997565,
          0.0025243477,
          0,
          -0.99318635,
          -0.022066155,
          0.11442936,
          0,
          -1.0059236,
          0.8657855,
          -1.3591547,
          1
        ]
      },
      {
        "date" : 734033085.11347,
        "title" : "Untitled",
        "transform" : [
          0.114457265,
          1.2983771e-06,
          0.99342823,
          0,
          -0.021921264,
          0.9997565,
          0.0025243477,
          0,
          -0.99318635,
          -0.022066155,
          0.11442936,
          0,
          -0.9925455,
          -0.026004434,
          -1.4150077,
          1
        ]
      },
      {
        "date" : 734033081.676396,
        "title" : "Untitled",
        "transform" : [
          0.114457265,
          1.2983771e-06,
          0.99342823,
          0,
          -0.021921264,
          0.9997565,
          0.0025243477,
          0,
          -0.99318635,
          -0.022066155,
          0.11442936,
          0,
          -0.99767995,
          0.28324473,
          -1.3999357,
          1
        ]
      },
      {
        "date" : 734033072.594872,
        "title" : "Untitled",
        "transform" : [
          0.114457265,
          1.2983771e-06,
          0.99342823,
          0,
          -0.021921264,
          0.9997565,
          0.0025243477,
          0,
          -0.99318635,
          -0.022066155,
          0.11442936,
          0,
          -0.9775642,
          -0.09003806,
          -1.2973233,
          1
        ]
      },
      {
        "date" : 734033065.124586,
        "title" : "Untitled",
        "transform" : [
          0.114457265,
          1.2983771e-06,
          0.99342823,
          0,
          -0.021921264,
          0.9997565,
          0.0025243477,
          0,
          -0.99318635,
          -0.022066155,
          0.11442936,
          0,
          -0.9819094,
          0.014242768,
          -1.3149245,
          1
        ]
      }
    ]
  },
  "selectedSceneRelativePath" : "Scene.usda"
}