{
  "advancedEditorSelectedIdentifier" : "ProjectBrowser",
  "openSceneRelativePaths" : [
    "Scene.usda"
  ],
  "recentIdentifiers" : {
    "26DBAE76-5DD8-47B6-A085-1B4ADA111097" : [

    ]
  },
  "sceneCameraHistory" : {
    "26DBAE76-5DD8-47B6-A085-1B4ADA111097" : [
      {
        "date" : 733260459.128162,
        "title" : "Untitled",
        "transform" : [
          0.8750736,
          -2.683127e-05,
          -0.48398978,
          0,
          -0.08862759,
          0.9830819,
          -0.16029693,
          0,
          0.47580588,
          0.1831665,
          0.86026675,
          0,
          0.31870848,
          0.370912,
          -0.13479549,
          1
        ]
      },
      {
        "date" : 733260413.276358,
        "title" : "Untitled",
        "transform" : [
          0.91711736,
          -2.6831274e-05,
          -0.3986174,
          0,
          -0.07298912,
          0.9830819,
          -0.16799566,
          0,
          0.39187804,
          0.1831665,
          0.9015995,
          0,
          0.24017358,
          0.46527508,
          0.5507071,
          1
        ]
      },
      {
        "date" : 733260402.12501,
        "title" : "Untitled",
        "transform" : [
          0.9646464,
          -2.6831274e-05,
          -0.26354784,
          0,
          -0.048247654,
          0.9830819,
          -0.17669782,
          0,
          0.25909385,
          0.1831665,
          0.9483251,
          0,
          -0.13774909,
          0.46527508,
          0.5859202,
          1
        ]
      },
      {
        "date" : 733260393.936637,
        "title" : "Untitled",
        "transform" : [
          0.46835896,
          -2.6831274e-05,
          -0.8835383,
          0,
          -0.16182223,
          0.9830819,
          -0.08581098,
          0,
          0.8685928,
          0.1831665,
          0.4604309,
          0,
          1.4283272,
          0.46903765,
          -0.64395744,
          1
        ]
      },
      {
        "date" : 733260372.520951,
        "title" : "Untitled",
        "transform" : [
          0.9999989,
          -2.683127e-05,
          -0.0014240805,
          0,
          -0.00023444908,
          0.9830819,
          -0.18316634,
          0,
          0.0014049142,
          0.1831665,
          0.9830809,
          0,
          0.16091183,
          0.7050627,
          0.9035872,
          1
        ]
      },
      {
        "date" : 733260359.845831,
        "title" : "Untitled",
        "transform" : [
          0.9262359,
          -2.683127e-05,
          -0.37694415,
          0,
          -0.069019094,
          0.9830819,
          -0.16966534,
          0,
          0.37057155,
          0.1831665,
          0.910564,
          0,
          0.40836143,
          0.63336474,
          -0.19960785,
          1
        ]
      },
      {
        "date" : 733260358.833192,
        "title" : "Untitled",
        "transform" : [
          0.9262359,
          -2.683127e-05,
          -0.37694415,
          0,
          -0.069019094,
          0.9830819,
          -0.16966534,
          0,
          0.37057152,
          0.18316649,
          0.9105639,
          0,
          0.40836146,
          0.63336474,
          -0.19960785,
          1
        ]
      },
      {
        "date" : 733260343.436767,
        "title" : "Untitled",
        "transform" : [
          0.4563071,
          -2.683227e-05,
          -0.88982236,
          0,
          -0.122881524,
          0.9904168,
          -0.06304438,
          0,
          0.88129675,
          0.13811031,
          0.45193097,
          0,
          1.6840358,
          0.54740626,
          -0.10357213,
          1
        ]
      },
      {
        "date" : 733260287.379606,
        "title" : "Untitled",
        "transform" : [
          0.92412364,
          -2.683227e-05,
          -0.38209355,
          0,
          -0.0527465,
          0.9904168,
          -0.12764117,
          0,
          0.3784353,
          0.13811031,
          0.9152662,
          0,
          0.33746612,
          0.1552364,
          -0.95737934,
          1
        ]
      },
      {
        "date" : 733260281.440911,
        "title" : "Untitled",
        "transform" : [
          0.9241236,
          -2.6828451e-05,
          -0.3820935,
          0,
          -0.052746497,
          0.9904168,
          -0.12764116,
          0,
          0.37843502,
          0.1381103,
          0.9152663,
          0,
          1.3907864,
          0.4843514,
          0.23851717,
          1
        ]
      }
    ]
  }
}