{
  "advancedEditorSelectedIdentifier" : "ProjectBrowser",
  "openSceneRelativePaths" : [
    "Scene.usda"
  ],
  "recentIdentifiers" : {
    "26DBAE76-5DD8-47B6-A085-1B4ADA111097" : [

    ]
  },
  "sceneCameraHistory" : {
    "26DBAE76-5DD8-47B6-A085-1B4ADA111097" : [
      {
        "date" : 732669667.855955,
        "title" : "Untitled",
        "transform" : [
          1,
          0,
          0,
          0,
          0,
          0.7071069,
          -0.70710677,
          0,
          0,
          0.70710677,
          0.7071069,
          0,
          0.26253816,
          0.593039,
          -1.2162975,
          1
        ]
      },
      {
        "date" : 732669338.320514,
        "title" : "Untitled",
        "transform" : [
          1,
          0,
          0,
          0,
          0,
          0.7071069,
          -0.70710677,
          0,
          0,
          0.70710677,
          0.7071069,
          0,
          -0.13458072,
          1.64022,
          1.4751483,
          1
        ]
      },
      {
        "date" : 732666942.195117,
        "title" : "Untitled",
        "transform" : [
          1,
          0,
          0,
          0,
          0,
          0.7071069,
          -0.70710677,
          0,
          0,
          0.70710677,
          0.7071069,
          0,
          -0.009322628,
          1.8196298,
          1.2957388,
          1
        ]
      },
      {
        "date" : 732666940.051679,
        "title" : "Untitled",
        "transform" : [
          1,
          0,
          0,
          0,
          0,
          0.7071069,
          -0.70710677,
          0,
          0,
          0.70710677,
          0.7071069,
          0,
          0,
          1.5576843,
          1.5576843,
          1
        ]
      },
      {
        "date" : 732666936.894658,
        "title" : "Untitled",
        "transform" : [
          1,
          0,
          0,
          0,
          0,
          0.7071069,
          -0.70710677,
          0,
          0,
          0.70710677,
          0.7071069,
          0,
          0,
          12.167896,
          12.167896,
          1
        ]
      },
      {
        "date" : 732666929.426243,
        "title" : "Untitled",
        "transform" : [
          0.9983318,
          2.3511176e-10,
          0.05773765,
          0,
          0.017976567,
          0.95029557,
          -0.31082976,
          0,
          -0.054867826,
          0.31134915,
          0.9487103,
          0,
          -0.06346241,
          0.60791206,
          0.5522878,
          1
        ]
      },
      {
        "date" : 732666926.625934,
        "title" : "Untitled",
        "transform" : [
          0.9983318,
          2.3511176e-10,
          0.05773765,
          0,
          0.017976567,
          0.95029557,
          -0.31082976,
          0,
          -0.054867826,
          0.31134915,
          0.9487103,
          0,
          -0.12685224,
          0.47743198,
          0.59144294,
          1
        ]
      },
      {
        "date" : 732484652.567866,
        "title" : "Untitled",
        "transform" : [
          0.9985579,
          2.3511176e-10,
          0.053685118,
          0,
          0.016714815,
          0.95029557,
          -0.31090015,
          0,
          -0.051016726,
          0.31134915,
          0.9489252,
          0,
          -0.098830566,
          0.34245974,
          0.1804043,
          1
        ]
      },
      {
        "date" : 731722280.705478,
        "title" : "Untitled",
        "transform" : [
          0.9985579,
          2.3511176e-10,
          0.053685118,
          0,
          0.016714815,
          0.95029557,
          -0.31090015,
          0,
          -0.051016726,
          0.31134915,
          0.9489252,
          0,
          -0.15102205,
          0.5584562,
          0.89226586,
          1
        ]
      },
      {
        "date" : 731720253.964703,
        "title" : "Untitled",
        "transform" : [
          0.9999922,
          1.425203e-11,
          0.0039527426,
          0,
          0.0014559671,
          0.92968976,
          -0.36834064,
          0,
          -0.003674824,
          0.36834353,
          0.9296825,
          0,
          -0.10324633,
          0.6158173,
          0.8684202,
          1
        ]
      }
    ]
  }
}